0.00    0.00    0.00    0.00 
0.97    0.01    0.01    0.02 
0.00    0.00    1.00    0.00 
0.00    0.42    0.46    0.11 
0.01    0.31    0.34    0.35 
0.01    0.14    0.21    0.63 
0.01    0.03    0.07    0.89 
0.09    0.13    0.45    0.32 
0.00    0.92    0.06    0.01 
0.00    0.94    0.05    0.01 
0.00    0.92    0.06    0.02 
0.00    0.50    0.50    0.00 
0.00    0.71    0.26    0.03 
0.01    0.38    0.54    0.07 
0.00    0.50    0.50    0.00 
0.00    0.00    1.00    0.00 
0.00    0.00    1.00    0.00 
0.00    0.11    0.86    0.03 
0.00    0.11    0.86    0.03 
0.01    0.90    0.08    0.00 
0.11    0.07    0.81    0.01 
0.00    0.00    0.00    0.00 
