0.00    0.00    0.00    0.00 
0.15    0.06    0.06    0.13 
0.00    0.00    0.10    0.00 
0.05    0.34    0.33    0.13 
0.06    0.24    0.21    0.18 
0.07    0.17    0.19    0.22 
0.07    0.07    0.14    0.17 
0.26    0.26    0.41    0.40 
0.03    0.19    0.16    0.07 
0.03    0.18    0.16    0.05 
0.05    0.18    0.15    0.06 
0.00    0.10    0.10    0.00 
0.05    0.35    0.33    0.09 
0.09    0.40    0.39    0.18 
0.00    0.10    0.10    0.00 
0.00    0.00    0.10    0.00 
0.00    0.00    0.10    0.00 
0.02    0.21    0.23    0.09 
0.03    0.22    0.24    0.09 
0.07    0.22    0.21    0.03 
0.21    0.22    0.29    0.05 
0.00    0.00    0.00    0.00 
