8.236000000000000000e+03
1.058464900000000000e+07
0.000000000000000000e+00
4.219482000000000000e+06
1.872976000000000000e+06
8.851650000000000000e+05
3.971970000000000000e+05
2.309730000000000000e+05
1.562630500000000000e+07
1.348168000000000000e+06
7.576080000000000000e+05
0.000000000000000000e+00
6.768800000000000000e+05
1.641880000000000000e+05
0.000000000000000000e+00
0.000000000000000000e+00
0.000000000000000000e+00
6.393570000000000000e+06
1.008297900000000000e+07
4.668218000000000000e+06
1.627635000000000000e+06
0.000000000000000000e+00
